AT+HMPUB=1,"/test/M2M/aa",15,"record,pkg_id:1"
+HMREC: "/test/M2M/hh",1715,""num_id:0,max_num:5,data:-62 8 25 24 12 30 9 30 64 40 -2 23 -21 23 -41 -44 -2 9 -9 -8 -12 46 58 -29 -15 -37 -35 -32 -40 -22 -26 -25 -35 -16 24 8 -27 -11 -43 -38 -15 -8 53 13 -17 27 -35 -8 -32 -52 -19 -36 12 9 -13 -11 9 33 -2 -38 0 -28 -15 88 -32 -9 1 15 -9 13 -8 42 -60 -23 1 30 -1 -37 -39 18 -12 -7 9 26 -11 11 7 9 -8 -41 -25 -11 53 -12 14 12 48 -30 -6 -43 -18 -12 -21 35 -28 44 0 61 24 -13 -28 24 15 -63 40 -71 6 73 30 53 -28 13 -46 63 19 49 -37 -52 -26 -5 46 20 5 84 28 55 12 8 6 -25 6 -23 -38 -45 0 -15 -37 3 48 64 82 0 26 -42 -74 -8 0 -4 -78 -26 -48 19 16 78 -55 -19 -44 -19 2 -35 30 -43 1 11 -12 -28 0 -33 0 -59 -17 7 -21 12 -3 24 3 -32 -20 -8 -49 47 -41 18 10 25 23 -22 25 42 -4 14 -5 21 42 -1 -44 0 -12 30 43 37 -20 21 -48 34 -13 -41 -40 6 93 -57 27 -3 98 -69 -5 -73 -23 -50 -28 21 -16 12 37 -16 11 -15 -30 26 34 -69 16 -65 42 72 26 51 5 0 -79 49 6 56 -78 -42 -39 -8 29 11 17 50 -17 23 48 66 -4 7 9 -5 -34 -51 -2 -7 -32 31 0 40 42 -29 -39 -29 -20 -10 -17 -14 -26 -27 -67 -12 25 11 -43 -20 -18 -49 10 -31 61 -13 -19 27 -29 -43 -17 -50 -8 -44 -4 1 -16 -4 42 20 -22 -29 -15 -11 -13 60 -30 18 13 10 7 -8 15 39 -30 -12 16 -1 9 -47 -27 -6 -7 -17 -3 34 -9 3 -18 12 -14 -52 -55 -34 47 -13 5 -7 68 -16 11 -29 -3 -17 -29 15 -18 37 7 48 33 -18 -36 19 34 -60 29 -89 -5 71 23 92 -5 -11 -70 61 7 49 -43 -56 -21 -23 -4 18 -27 55 0 10 32 18 3 19 0 9 15 -45 19 16 -10 30 41 35 43 -25 12 -28 -31 -22 8 -33 -52 -20 -26 6 -9 15 -31 -12 -1 -44 -32 11 -4 37 -28 48 -21 -29 11 -19 13 -12 2 -29 -31 -15 9 41 9 -12 12 -24 -22 77 -15 14 13 -22 6 -40 0 36 8 5 1 -24 11 -15 -63 23 37 4 -16 26 10 21 0 -9 -9 -43 -12 9 14 5 -8 0 64 -44 -42 0 -6 -18 -37 -4 5 -11 19 16 18 -4 -1 -3 50 -12 -15 -71 -16 57 15 -9 47 66 -37 58 -9 34 -28 -23 ;""


+HMREC: "/test/M2M/hh",1715,""num_id:0,max_num:5,data:-62 8 25 24 12 30 9 30 64 40 -2 23 -21 23 -41 -44 -2 9 -9 -8 -12 46 58 -29 -15 -37 -35 -32 -40 -22 -26 -25 -35 -16 24 8 -27 -11 -43 -38 -15 -8 53 13 -17 27 -35 -8 -32 -52 -19 -36 12 9 -13 -11 9 33 -2 -38 0 -28 -15 88 -32 -9 1 15 -9 13 -8 42 -60 -23 1 30 -1 -37 -39 18 -12 -7 9 26 -11 11 7 9 -8 -41 -25 -11 53 -12 14 12 48 -30 -6 -43 -18 -12 -21 35 -28 44 0 61 24 -13 -28 24 15 -63 40 -71 6 73 30 53 -28 13 -46 63 19 49 -37 -52 -26 -5 46 20 5 84 28 55 12 8 6 -25 6 -23 -38 -45 0 -15 -37 3 48 64 82 0 26 -42 -74 -8 0 -4 -78 -26 -48 19 16 78 -55 -19 -44 -19 2 -35 30 -43 1 11 -12 -28 0 -33 0 -59 -17 7 -21 12 -3 24 3 -32 -20 -8 -49 47 -41 18 10 25 23 -22 25 42 -4 14 -5 21 42 -1 -44 0 -12 30 43 37 -20 21 -48 34 -13 -41 -40 6 93 -57 27 -3 98 -69 -5 -73 -23 -50 -28 21 -16 12 37 -16 11 -15 -30 26 34 -69 16 -65 42 72 26 51 5 0 -79 49 6 56 -78 -42 -39 -8 29 11 17 50 -17 23 48 66 -4 7 9 -5 -34 -51 -2 -7 -32 31 0 40 42 -29 -39 -29 -20 -10 -17 -14 -26 -27 -67 -12 25 11 -43 -20 -18 -49 10 -31 61 -13 -19 27 -29 -43 -17 -50 -8 -44 -4 1 -16 -4 42 20 -22 -29 -15 -11 -13 60 -30 18 13 10 7 -8 15 39 -30 -12 16 -1 9 -47 -27 -6 -7 -17 -3 34 -9 3 -18 12 -14 -52 -55 -34 47 -13 5 -7 68 -16 11 -29 -3 -17 -29 15 -18 37 7 48 33 -18 -36 19 34 -60 29 -89 -5 71 23 92 -5 -11 -70 61 7 49 -43 -56 -21 -23 -4 18 -27 55 0 10 32 18 3 19 0 9 15 -45 19 16 -10 30 41 35 43 -25 12 -28 -31 -22 8 -33 -52 -20 -26 6 -9 15 -31 -12 -1 -44 -32 11 -4 37 -28 48 -21 -29 11 -19 13 -12 2 -29 -31 -15 9 41 9 -12 12 -24 -22 77 -15 14 13 -22 6 -40 0 36 8 5 1 -24 11 -15 -63 23 37 4 -16 26 10 21 0 -9 -9 -43 -12 9 14 5 -8 0 64 -44 -42 0 -6 -18 -37 -4 5 -11 19 16 18 -4 -1 -3 50 -12 -15 -71 -16 57 15 -9 47 66 -37 58 -9 34 -28 -23 ;""


+HMPUB OK


+HMREC: "/test/M2M/hh",1731,""num_id:1,max_num:5,data:-1 -40 -36 30 -33 -7 67 41 73 22 37 15 -34 14 35 -54 39 125 -70 -20 90 -14 -12 -34 22 -86 -42 1 45 38 -90 31 -90 27 -39 18 -22 28 -38 -58 34 -19 35 -14 51 48 46 17 18 -38 -12 -46 12 112 -21 54 -28 7 -46 -99 24 1 -27 -30 59 -62 10 0 54 2 -14 34 48 60 -33 -30 -56 13 -101 -9 -22 31 44 5 -12 26 0 55 9 37 -37 -13 -15 38 37 -29 42 -17 -38 -49 -14 114 -76 -26 30 -8 -21 -6 -23 -25 17 9 7 45 -2 3 37 46 0 -14 20 53 -32 -9 -11 -56 0 -15 13 -9 -10 28 -37 -23 38 31 44 45 30 -13 -18 29 33 -29 21 -97 -86 -12 99 35 -36 -36 27 -86 -18 27 6 45 -98 61 -45 21 -92 23 8 -17 -29 -81 4 -24 -2 9 35 15 9 36 -5 -71 -11 -15 -1 -110 16 63 20 30 -54 -55 15 0 4 -16 5 -44 54 -11 35 -14 -12 37 36 22 45 -24 -30 -28 9 -26 30 23 35 38 -11 8 -12 59 9 -10 -49 -56 9 28 29 -26 56 -15 -16 -34 -43 -111 -40 -63 8 36 2 24 -28 11 -18 -6 -23 23 -7 -40 0 10 3 -43 -16 12 -36 -53 -33 -13 28 -3 5 -30 -52 38 -12 20 55 23 86 37 46 24 -44 34 32 -66 49 -109 -91 -11 91 -19 -2 -34 3 -115 -47 0 46 74 -92 14 -92 38 -48 15 -23 22 -49 -69 24 -7 4 -9 38 55 68 7 32 -28 -6 -44 -5 -116 -39 41 -18 6 -34 -95 39 0 -18 -18 43 -54 10 9 49 -11 -19 18 58 49 -34 -34 -60 -13 -89 -8 -54 42 26 14 -38 19 -37 68 5 33 -46 -16 5 8 44 -13 31 -15 -60 -76 6 -124 -76 -32 18 -6 -28 -6 -8 -24 17 23 24 59 -2 0 27 39 -22 10 42 50 -37 -7 -2 -74 11 -12 53 3 0 43 -54 31 15 45 -34 42 -42 23 -43 6 23 -15 10 -33 -39 0 49 64 -12 -11 29 -18 -14 22 5 52 -80 37 -54 25 -41 34 -18 0 18